sims = {
  "s": [
    [
      0.6594794988632202,
      0.6656925082206726,
      0.6656925082206726,
      0.6181727647781372,
      0.5463641285896301,
      0.5375564694404602
    ]
  ],
  "e": [
    [
      0.6504305601119995,
      0.6857560276985168,
      0.6497480869293213,
      0.5877572298049927,
      0.5949773192405701,
      0.562727689743042
    ]
  ],
  "re": [
    [
      0.5674450397491455,
      0.5968752503395081,
      0.6102825403213501,
      0.5946048498153687,
      0.5409679412841797,
      0.5574929118156433
    ]
  ],
  "rnd": [
    [
      0.523823618888855,
      0.5804541110992432,
      0.5804541110992432,
      0.5628207325935364,
      0.5946044325828552,
      0.5171767473220825
    ]
  ],
  "x": [
    [
      0.5838238596916199,
      0.5963107347488403,
      0.6272857785224915,
      0.5801795125007629,
      0.6817988157272339,
      0.6247128844261169
    ]
  ]
}