Paths: ['notebooks/example_more.ipynb', 'notebooks/pygrank_snippets.ipynb']
Experiment: 23/06 11:28
Limit: 1
[53.534, 55.074, 51.543, 52.085, 49.965, 52.102, 47.882, 48.955, 53.050, 53.648, 48.913, 54.986, 52.223, 49.980, 53.120, 54.663, 53.978, 56.049, 54.090, 52.738, ]
Limit: 3
[111.671, 110.834, 111.798, 111.226, 102.895, 102.432, 121.830, 113.132, 106.890, 106.390, 106.542, 117.893, 108.348, 107.486, 97.055, 103.535, 105.028, 96.776, 104.186, 104.520, ]
Limit: 5
[189.357, 192.968, 183.493, 173.623, 167.139, 173.183, 175.808, 175.120, 176.813, 184.044, 184.080, 198.934, 185.865, 193.622, 201.223, 195.456, 182.111, 190.969, 186.264, 189.219, ]
Limit: 7
[267.537, 259.530, 272.050, 274.727, 268.762, 261.619, 265.909, 264.244, 262.237, 272.580, 257.353, 253.738, 265.411, 255.698, 262.304, 259.786, 257.430, 250.650, 251.748, 258.203, ]
Limit: 9
[270.821, 267.853, 264.034, 272.866, 269.725, 273.446, 279.702, 271.387, 270.528, 276.202, 283.815, 274.851, 268.496, 269.010, 260.455, 275.810, 275.860, 272.852, 276.514, 281.056, ]
Limit: 11
[280.369, 279.661, 285.684, 293.370, 288.641, 280.416, 286.089, 285.034, 278.500, 275.383, 283.287, 287.314, 278.806, 294.338, 299.586, 284.044, 287.527, 274.249, 270.479, 265.021, ]
Limit: 13
[305.793, 305.121, 300.435, 318.640, 305.214, 292.064, 307.256, 300.707, 325.402, 313.073, 301.401, 312.282, 299.329, 305.880, 305.487, 296.074, 312.405, 308.696, 309.877, 309.582, ]
Limit: 15
[333.540, 336.383, 338.030, 335.035, 332.004, 331.936, 328.514, 336.109, 333.341, 329.308, 320.157, 336.652, 327.100, 329.989, 330.824, 327.384, 328.009, 331.177, 337.236, 336.841, ]
Limit: 17
[373.668, 366.978, 360.057, 372.051, 376.557, 364.738, 367.668, 375.697, 374.174, 381.740, 368.747, 374.511, 371.367, 361.182, 363.795, 368.570, 364.598, 374.484, 364.387, 378.641, ]
Limit: 19
[376.329, 376.976, 381.852, 372.117, 377.798, 379.926, 363.121, 381.666, 375.736, 376.615, 379.855, 372.955, 